   1.0000000e+00
   9.4092430e-01
   8.8646551e-01
   8.3267206e-01
   7.8046925e-01
   7.3048968e-01
   6.8307479e-01
   6.3832980e-01
   5.9621013e-01
   5.5660310e-01
   5.1938137e-01
   4.8442831e-01
   4.5164446e-01
   4.2094437e-01
   3.9225019e-01
   3.6548549e-01
   3.4057100e-01
   3.1742233e-01
   2.9594958e-01
   2.7605810e-01
   2.5765010e-01
   2.4062651e-01
   2.2488881e-01
   2.1034067e-01
   1.9688935e-01
   1.8444660e-01
   1.7292945e-01
   1.6226050e-01
   1.5236817e-01
   1.4318658e-01
   1.3465547e-01
   1.2671986e-01
   1.1932976e-01
   1.1243983e-01
   1.0600896e-01
   9.9999940e-02
   9.4379091e-02
   8.9115915e-02
   8.4182789e-02
   7.9554668e-02
   7.5208825e-02
   7.1124613e-02
   6.7283241e-02
   6.3667587e-02
   6.0262020e-02
   5.7052254e-02
   5.4025202e-02
   5.1168856e-02
   4.8472185e-02
   4.5925029e-02
   4.3518024e-02
   4.1242518e-02
   3.9090508e-02
   3.7054581e-02
   3.5127853e-02
   3.3303932e-02
   3.1576865e-02
   2.9941105e-02
   2.8391477e-02
   2.6923145e-02
   2.5531587e-02
   2.4212569e-02
   2.2962123e-02
   2.1776525e-02
   2.0652278e-02
   1.9586093e-02
   1.8574873e-02
   1.7615709e-02
   1.6705854e-02
   1.5842723e-02
   1.5023874e-02
   1.4247003e-02
   1.3509934e-02
   1.2810612e-02
   1.2147088e-02
   1.1517523e-02
   1.0920175e-02
   1.0353395e-02
   9.8156218e-03
   9.3053760e-03
   8.8212537e-03
   8.3619275e-03
   7.9261384e-03
   7.5126901e-03
   7.1204487e-03
   6.7483388e-03
   6.3953391e-03
   6.0604818e-03
   5.7428471e-03
   5.4415609e-03
   5.1557954e-03
   4.8847637e-03
   4.6277181e-03
   4.3839491e-03
   4.1527828e-03
   3.9335796e-03
   3.7257317e-03
   3.5286608e-03
   3.3418190e-03
   3.1646862e-03
   2.9967675e-03
   2.8375931e-03
   2.6867165e-03
   2.5437131e-03
   2.4081805e-03
   2.2797358e-03
   2.1580154e-03
   2.0426752e-03
   1.9333865e-03
   1.8298381e-03
   1.7317357e-03
   1.6387986e-03
   1.5507590e-03
   1.4673639e-03
   1.3883737e-03
   1.3135609e-03
   1.2427079e-03
   1.1756101e-03
   1.1120735e-03
   1.0519121e-03
   9.9495027e-04
   9.4102134e-04
   8.8996654e-04
   8.4163599e-04
   7.9588659e-04
   7.5258200e-04
   7.1159538e-04
   6.7280515e-04
   6.3609441e-04
   6.0135462e-04
   5.6848237e-04
   5.3737800e-04
   5.0794885e-04
   4.8010659e-04
   4.5376602e-04
   4.2884805e-04
   4.0527741e-04
   3.8298184e-04
   3.6189423e-04
   3.4195093e-04
   3.2309084e-04
   3.0525581e-04
   2.8839093e-04
   2.7244446e-04
   2.5736700e-04
   2.4311168e-04
   2.2963445e-04
   2.1689313e-04
   2.0484879e-04
   1.9346454e-04
   1.8270371e-04
   1.7253263e-04
   1.6292001e-04
   1.5383507e-04
   1.4524961e-04
   1.3713713e-04
   1.2947171e-04
   1.2222977e-04
   1.1538816e-04
   1.0892396e-04
   1.0281733e-04
   9.7048950e-05
   9.1599356e-05
   8.6452397e-05
   8.1591756e-05
   7.7000245e-05
   7.2664252e-05
   6.8570118e-05
   6.4702887e-05
   6.1051296e-05
   5.7604319e-05
   5.4349696e-05
   5.1277229e-05
   4.8377302e-05
   4.5639604e-05
   4.3054712e-05
   4.0613826e-05
   3.8309105e-05
   3.6133929e-05
   3.4080986e-05
   3.2143178e-05
   3.0315103e-05
   2.8590221e-05
   2.6961652e-05
   2.5424202e-05
   2.3973018e-05
   2.2603228e-05
   2.1311114e-05
   2.0093355e-05
   1.8945563e-05
   1.7863280e-05
   1.6842592e-05
   1.5879859e-05
   1.4971516e-05
   1.4114202e-05
   1.3305339e-05
   1.2542591e-05
   1.1823134e-05
   1.1144369e-05
   1.0504128e-05
   9.9000662e-06
